714,82
714,81
714,80
714,79
714,78
714,77
714,76
714,75
714,74
714,73
714,72
714,71
714,70
714,69
714,68
714,67
714,66
714,65
714,64
714,39
714,38
714,37
714,36
714,35
714,34
714,33
714,32
714,31
714,30
714,29
714,28
714,27
714,26
714,25
714,24
714,23
714,22
714,21
714,20
714,19
714,18
714,17
714,16
714,15
714,14
714,13
714,12
714,11
714,10
714,9
714,8
4294967294,183
4294967278,215
715,5
715,4
715,3
715,2
715,1
715,0
714,7
4294967279,398
4294967278,213
714,6
714,5
714,4
714,3
714,2
714,1
714,0
713,5
713,4
713,3
713,2
713,1
713,0
712,4
712,3
712,2
712,1
712,0
4294967278,319
711,4
711,3
711,2
711,1
711,0
710,4
710,3
710,2
710,1
710,0
709,5
709,4
709,3
709,2
709,1
709,0
708,5
708,4
708,3
708,2
708,1
708,0
4294967278,317
707,5
707,4
707,3
707,2
707,1
707,0
706,4
706,3
706,2
706,1
706,0
4294967278,316
4294967279,212
705,5
705,4
705,3
705,2
705,1
705,0
704,7
4294967278,315
4294967279,210
704,6
704,5
704,4
704,3
704,2
704,1
704,0
4294967278,314
703,5
703,4
703,3
703,2
703,1
703,0
702,4
702,3
702,2
702,1
702,0
4294967279,137
701,4
701,3
701,2
701,1
701,0
700,4
700,3
700,2
700,1
700,0
699,5
699,4
699,3
699,2
699,1
699,0
4294967278,313
698,5
698,4
698,3
698,2
698,1
698,0
4294967279,383
697,5
697,4
697,3
697,2
697,1
697,0
696,4
696,3
696,2
696,1
696,0
4294967279,382
4294967279,381
694,82
694,81
694,80
694,79
694,78
694,77
694,76
694,75
694,74
694,73
694,72
694,71
694,70
694,69
694,68
694,67
694,66
694,65
694,64
694,39
694,38
694,37
694,36
694,35
694,34
694,33
694,32
694,31
694,30
694,29
694,28
694,27
694,26
694,25
694,24
694,23
694,22
694,21
694,20
694,19
694,18
694,17
694,16
694,15
694,14
694,13
694,12
694,11
694,10
694,9
694,8
695,5
695,4
695,3
695,2
695,1
695,0
694,7
4294967279,380
694,6
694,5
694,4
694,3
694,2
694,1
694,0
693,5
693,4
693,3
693,2
693,1
693,0
692,4
692,3
692,2
692,1
692,0
691,4
691,3
691,2
691,1
691,0
690,4
690,3
690,2
690,1
690,0
4294967279,378
689,5
689,4
689,3
689,2
689,1
689,0
688,5
688,4
688,3
688,2
688,1
688,0
4294967279,377
687,5
687,4
687,3
687,2
687,1
687,0
686,4
686,3
686,2
686,1
686,0
4294967279,376
4294967279,400
685,5
685,4
685,3
685,2
685,1
685,0
684,7
684,6
684,5
684,4
684,3
684,2
684,1
684,0
4294967279,437
683,5
683,4
683,3
683,2
683,1
683,0
682,4
682,3
682,2
682,1
682,0
681,4
681,3
681,2
681,1
681,0
680,4
680,3
680,2
680,1
680,0
679,5
679,4
679,3
679,2
679,1
679,0
678,5
678,4
678,3
678,2
678,1
678,0
677,5
677,4
677,3
677,2
677,1
677,0
676,4
676,3
676,2
676,1
676,0
674,82
674,81
674,80
674,79
674,78
674,77
674,76
674,75
674,74
674,73
674,72
674,71
674,70
674,69
674,68
674,67
674,66
674,65
674,64
674,39
674,38
674,37
674,36
674,35
674,34
674,33
674,32
674,31
674,30
674,29
674,28
674,27
674,26
674,25
674,24
674,23
674,22
674,21
674,20
674,19
674,18
674,17
674,16
674,15
674,14
674,13
674,12
674,11
674,10
674,9
674,8
675,5
675,4
675,3
675,2
675,1
675,0
674,7
674,6
674,5
674,4
674,3
674,2
674,1
674,0
4294967279,375
673,5
673,4
673,3
673,2
673,1
673,0
672,4
672,3
672,2
672,1
672,0
671,4
671,3
671,2
671,1
671,0
670,4
670,3
670,2
670,1
670,0
669,5
669,4
669,3
669,2
669,1
669,0
668,5
668,4
668,3
668,2
668,1
668,0
667,5
667,4
667,3
667,2
667,1
667,0
666,4
666,3
666,2
666,1
666,0
665,5
665,4
665,3
665,2
665,1
665,0
664,7
664,6
664,5
664,4
664,3
664,2
664,1
664,0
4294967278,312
663,5
663,4
663,3
663,2
663,1
663,0
662,4
662,3
662,2
662,1
662,0
661,4
661,3
661,2
661,1
661,0
4294967278,310
660,4
660,3
660,2
660,1
660,0
659,5
659,4
659,3
659,2
659,1
659,0
4294967279,374
658,5
658,4
658,3
658,2
658,1
658,0
4294967279,373
657,5
657,4
657,3
657,2
657,1
657,0
656,4
656,3
656,2
656,1
656,0
4294967279,372
4294967278,307
4294967278,306
4294967279,371
655,5
655,4
655,3
655,2
655,1
655,0
4294967278,303
654,7
4294967279,447
654,6
654,5
654,4
654,3
654,2
654,1
654,0
653,5
653,4
653,3
653,2
653,1
653,0
652,4
652,3
652,2
652,1
652,0
651,4
651,3
651,2
651,1
651,0
4294967279,368
650,4
650,3
650,2
650,1
650,0
649,5
649,4
649,3
649,2
649,1
